42771617001
72511094967
72269236943
31702093108
88617827777
12751399906
84875066053
39885072577
87637207261
86551689061
52864108597
79603992789
91710547309
49564119353
70312471913
99212100258
48184138031
98422439239
84738307865
45372530121
19316544134
29197035366
61083715174
36698177038
77033042747
57615220522
70324747197
86146601247
46726871230
16157295458
93402011768
59738662889
64279762490
59582146021
29674484099
93686606684
80438244333
39834528335
52365356258
21307430285
82242568532
56841586677
20660643411
24352046824
20134036441
41877823221
33595987489
51160483099
84810539391
26147720832
42734399443
49070813732
38400674909
16300924907
18073069102
91457389342
33272897821
11174588204
48360837285
93415221079
30956395706
33120910270
15820347989
48746626201
28160863661
92964505846
13422404428
44689323646
45974309898
30996042027
48605930300
10059148135
80320714966
48140812427
42729275092
47490697315
61869571485
32492326583
19472336106
18304372142
80863702633
87284862056
12311023566
64902532512
42626308730
75458337235
76757129630
35260679117
31143356787
91520108741
34599863101
56961567487
51398822076
55177807164
96004486754
49993590223
12036662905
66102764193
94712071315
20363580214
57794679721
17859732886
13618238282
33936670530
79038130858
81555832505
27216857485
65043391937
46079152413
23342142487
30550594174
64759025340
59722281160
81140544288
21667593653
22418912020
32951672832
14569816831
77796486105
97532524010
24743965052
86294389367
73945208402
46429165439
88350365748
43265917847
54700655026
30404068317
25706886118
30963307322
66912366133
96840894782
35543187017
29278594761
36179072375
88043622206
97948632131
17989354610
54570762806
85887946369
48169181574
63832807156
90016619347
41491984385
28469822840
99625755138
69185497328
20998846427
52188871051
77715283433
71252094251
41561473259
24885622765
75836603369
27357937005
72114746796
97395038841
52169186707
75009057809
70851803393
83204211537
42369586467
60679098454
76198430167
29881532457
44685395031
28888218642
67604733087
28542818019
39079746283
85894245845
68675321595
16766757020
65032192584
31930129213
64531618946
12851957444
23643368925
36573478072
55025196392
27759003904
35796731686
39532990352
58655031302
51882878329
34916610667
97117961606
51032762261
94794265132
26356412969
61331785989
10120895013
21994389422
77611488557
15475352925
96917465568
68729519374
32849403283
89322938038
15425227726
99408766488
85719034711
42980328700
63374749028
50159319197
70922719778
84868533492
83969109666
82531036514
33091913882
69796350073
38174609832
37047809953
61316010933
75514544126
97393489893
16748762463
95722986406
11948681909
35051487091
34761872056
36443035131
88466894145
29422475233
54035018049
53336710228
65030987975
25550096158
77567365044
17868850587
35065343110
29413430479
12387450979
59021156814
17760244327
76620026514
43864469722
27815188765
11525063761
17054023129
32633296087
59264912835
40236818200
81071662910
93069379849
26671360174
80830356054
18128868600
47302831999
69495469608
79355558693
35687423927
80576526981
10481015551
26326556626
42246433815
91054354285
46666585474
92622293107
38112607537
54657700605
75214446419
57141707657
98556114053
47289342340
32081136322
67250467591
10065954819
97875953533
56351770533
48246637828
98805396106
25113871205
65470157077
43662627505
10065954811
10065954823
12345954819
60303895200
75505968631
64322892153
71426736458
10751835324
64361129317
69536463647
16588395563
83838162063
72148028888
65843488027
49167514855
81658395370
15292169752
35722981403
44962193119
33706987723
51753381908
53684853598
10065954815
10055954819
11165954819